accuracy: 0.8373983739837398
f1_score: 0.836146413004042
precision: 0.8353892159611253
recall: 0.8373983739837398
roc_auc: 0.851702786377709
